Date,DayDuration,DurationDelta
2022-01-01,08:00:13,66.0
2022-01-02,08:01:25,72.0
2022-01-03,08:02:43,78.0
2022-01-04,08:04:06,83.0
2022-01-05,08:05:36,90.0
2022-01-06,08:07:11,95.0
2022-01-07,08:08:51,100.0
2022-01-08,08:10:37,106.0
2022-01-09,08:12:29,112.0
2022-01-10,08:14:25,116.0
2022-01-11,08:16:26,121.0
2022-01-12,08:18:33,127.0
2022-01-13,08:20:44,131.0
2022-01-14,08:23:00,136.0
2022-01-15,08:25:21,141.0
2022-01-16,08:27:46,145.0
2022-01-17,08:30:16,150.0
2022-01-18,08:32:50,154.0
2022-01-19,08:35:27,157.0
2022-01-20,08:38:09,162.0
2022-01-21,08:40:55,166.0
2022-01-22,08:43:44,169.0
2022-01-23,08:46:37,173.0
2022-01-24,08:49:32,175.0
2022-01-25,08:52:32,180.0
2022-01-26,08:55:34,182.0
2022-01-27,08:58:40,186.0
2022-01-28,09:01:48,188.0
2022-01-29,09:05:00,192.0
2022-01-30,09:08:14,194.0
2022-01-31,09:11:30,196.0
2022-02-01,09:14:49,199.0
2022-02-02,09:18:10,201.0
2022-02-03,09:21:33,203.0
2022-02-04,09:24:59,206.0
2022-02-05,09:28:27,208.0
2022-02-06,09:31:57,210.0
2022-02-07,09:35:28,211.0
2022-02-08,09:39:02,214.0
2022-02-09,09:42:37,215.0
2022-02-10,09:46:14,217.0
2022-02-11,09:49:52,218.0
2022-02-12,09:53:31,219.0
2022-02-13,09:57:13,222.0
2022-02-14,10:00:55,222.0
2022-02-15,10:04:38,223.0
2022-02-16,10:08:23,225.0
2022-02-17,10:12:09,226.0
2022-02-18,10:15:55,226.0
2022-02-19,10:19:44,229.0
2022-02-20,10:23:32,228.0
2022-02-21,10:27:22,230.0
2022-02-22,10:31:11,229.0
2022-02-23,10:35:03,232.0
2022-02-24,10:38:55,232.0
2022-02-25,10:42:47,232.0
2022-02-26,10:46:41,234.0
2022-02-27,10:50:34,233.0
2022-02-28,10:54:29,235.0
2022-03-01,10:58:23,234.0
2022-03-02,11:02:18,235.0
2022-03-03,11:06:13,235.0
2022-03-04,11:10:10,237.0
2022-03-05,11:14:06,236.0
2022-03-06,11:18:03,237.0
2022-03-07,11:22:00,237.0
2022-03-08,11:25:57,237.0
2022-03-09,11:29:55,238.0
2022-03-10,11:33:53,238.0
2022-03-11,11:37:50,237.0
2022-03-12,11:41:48,238.0
2022-03-13,11:45:47,239.0
2022-03-14,11:49:45,238.0
2022-03-15,11:53:43,238.0
2022-03-16,11:57:42,239.0
2022-03-17,12:01:41,239.0
2022-03-18,12:05:40,239.0
2022-03-19,12:09:38,238.0
2022-03-20,12:13:36,238.0
2022-03-21,12:17:36,240.0
2022-03-22,12:21:34,238.0
2022-03-23,12:25:32,238.0
2022-03-24,12:29:31,239.0
2022-03-25,12:33:29,238.0
2022-03-26,12:37:28,239.0
2022-03-27,12:41:25,237.0
2022-03-28,12:45:23,238.0
2022-03-29,12:49:21,238.0
2022-03-30,12:53:18,237.0
2022-03-31,12:57:15,237.0
2022-04-01,13:01:12,237.0
2022-04-02,13:05:09,237.0
2022-04-03,13:09:05,236.0
2022-04-04,13:13:02,237.0
2022-04-05,13:16:57,235.0
2022-04-06,13:20:52,235.0
2022-04-07,13:24:48,236.0
2022-04-08,13:28:42,234.0
2022-04-09,13:32:36,234.0
2022-04-10,13:36:29,233.0
2022-04-11,13:40:22,233.0
2022-04-12,13:44:14,232.0
2022-04-13,13:48:06,232.0
2022-04-14,13:51:57,231.0
2022-04-15,13:55:47,230.0
2022-04-16,13:59:38,231.0
2022-04-17,14:03:26,228.0
2022-04-18,14:07:14,228.0
2022-04-19,14:11:01,227.0
2022-04-20,14:14:48,227.0
2022-04-21,14:18:33,225.0
2022-04-22,14:22:17,224.0
2022-04-23,14:26:01,224.0
2022-04-24,14:29:43,222.0
2022-04-25,14:33:24,221.0
2022-04-26,14:37:04,220.0
2022-04-27,14:40:42,218.0
2022-04-28,14:44:19,217.0
2022-04-29,14:47:55,216.0
2022-04-30,14:51:29,214.0
2022-05-01,14:55:02,213.0
2022-05-02,14:58:32,210.0
2022-05-03,15:02:02,210.0
2022-05-04,15:05:29,207.0
2022-05-05,15:08:54,205.0
2022-05-06,15:12:17,203.0
2022-05-07,15:15:39,202.0
2022-05-08,15:18:58,199.0
2022-05-09,15:22:16,198.0
2022-05-10,15:25:30,194.0
2022-05-11,15:28:42,192.0
2022-05-12,15:31:52,190.0
2022-05-13,15:35:00,188.0
2022-05-14,15:38:04,184.0
2022-05-15,15:41:05,181.0
2022-05-16,15:44:03,178.0
2022-05-17,15:46:59,176.0
2022-05-18,15:49:51,172.0
2022-05-19,15:52:40,169.0
2022-05-20,15:55:25,165.0
2022-05-21,15:58:08,163.0
2022-05-22,16:00:47,159.0
2022-05-23,16:03:21,154.0
2022-05-24,16:05:52,151.0
2022-05-25,16:08:19,147.0
2022-05-26,16:10:41,142.0
2022-05-27,16:13:00,139.0
2022-05-28,16:15:14,134.0
2022-05-29,16:17:24,130.0
2022-05-30,16:19:29,125.0
2022-05-31,16:21:30,121.0
2022-06-01,16:23:24,114.0
2022-06-02,16:25:15,111.0
2022-06-03,16:27:01,106.0
2022-06-04,16:28:41,100.0
2022-06-05,16:30:18,97.0
2022-06-06,16:31:48,90.0
2022-06-07,16:33:12,84.0
2022-06-08,16:34:31,79.0
2022-06-09,16:35:45,74.0
2022-06-10,16:36:52,67.0
2022-06-11,16:37:55,63.0
2022-06-12,16:38:51,56.0
2022-06-13,16:39:42,51.0
2022-06-14,16:40:27,45.0
2022-06-15,16:41:05,38.0
2022-06-16,16:41:38,33.0
2022-06-17,16:42:05,27.0
2022-06-18,16:42:25,20.0
2022-06-19,16:42:40,15.0
2022-06-20,16:42:49,9.0
2022-06-21,16:42:51,2.0
2022-06-22,16:42:47,-4.0
2022-06-23,16:42:37,-10.0
2022-06-24,16:42:21,-16.0
2022-06-25,16:41:59,-22.0
2022-06-26,16:41:30,-29.0
2022-06-27,16:40:57,-33.0
2022-06-28,16:40:16,-41.0
2022-06-29,16:39:30,-46.0
2022-06-30,16:38:38,-52.0
2022-07-01,16:37:41,-57.0
2022-07-02,16:36:38,-63.0
2022-07-03,16:35:28,-70.0
2022-07-04,16:34:14,-74.0
2022-07-05,16:32:53,-81.0
2022-07-06,16:31:27,-86.0
2022-07-07,16:29:57,-90.0
2022-07-08,16:28:21,-96.0
2022-07-09,16:26:40,-101.0
2022-07-10,16:24:53,-107.0
2022-07-11,16:23:03,-110.0
2022-07-12,16:21:06,-117.0
2022-07-13,16:19:06,-120.0
2022-07-14,16:17:00,-126.0
2022-07-15,16:14:51,-129.0
2022-07-16,16:12:36,-135.0
2022-07-17,16:10:18,-138.0
2022-07-18,16:07:56,-142.0
2022-07-19,16:05:30,-146.0
2022-07-20,16:02:59,-151.0
2022-07-21,16:00:25,-154.0
2022-07-22,15:57:48,-157.0
2022-07-23,15:55:06,-162.0
2022-07-24,15:52:21,-165.0
2022-07-25,15:49:34,-167.0
2022-07-26,15:46:42,-172.0
2022-07-27,15:43:48,-174.0
2022-07-28,15:40:51,-177.0
2022-07-29,15:37:51,-180.0
2022-07-30,15:34:48,-183.0
2022-07-31,15:31:43,-185.0
2022-08-01,15:28:35,-188.0
2022-08-02,15:25:24,-191.0
2022-08-03,15:22:11,-193.0
2022-08-04,15:18:56,-195.0
2022-08-05,15:15:39,-197.0
2022-08-06,15:12:20,-199.0
2022-08-07,15:08:59,-201.0
2022-08-08,15:05:36,-203.0
2022-08-09,15:02:11,-205.0
2022-08-10,14:58:44,-207.0
2022-08-11,14:55:16,-208.0
2022-08-12,14:51:46,-210.0
2022-08-13,14:48:14,-212.0
2022-08-14,14:44:41,-213.0
2022-08-15,14:41:07,-214.0
2022-08-16,14:37:31,-216.0
2022-08-17,14:33:54,-217.0
2022-08-18,14:30:17,-217.0
2022-08-19,14:26:38,-219.0
2022-08-20,14:22:57,-221.0
2022-08-21,14:19:16,-221.0
2022-08-22,14:15:34,-222.0
2022-08-23,14:11:51,-223.0
2022-08-24,14:08:07,-224.0
2022-08-25,14:04:22,-225.0
2022-08-26,14:00:36,-226.0
2022-08-27,13:56:50,-226.0
2022-08-28,13:53:03,-227.0
2022-08-29,13:49:15,-228.0
2022-08-30,13:45:28,-227.0
2022-08-31,13:41:39,-229.0
2022-09-01,13:37:49,-230.0
2022-09-02,13:33:59,-230.0
2022-09-03,13:30:09,-230.0
2022-09-04,13:26:18,-231.0
2022-09-05,13:22:26,-232.0
2022-09-06,13:18:35,-231.0
2022-09-07,13:14:43,-232.0
2022-09-08,13:10:51,-232.0
2022-09-09,13:06:58,-233.0
2022-09-10,13:03:05,-233.0
2022-09-11,12:59:12,-233.0
2022-09-12,12:55:18,-234.0
2022-09-13,12:51:25,-233.0
2022-09-14,12:47:30,-235.0
2022-09-15,12:43:37,-233.0
2022-09-16,12:39:42,-235.0
2022-09-17,12:35:47,-235.0
2022-09-18,12:31:53,-234.0
2022-09-19,12:27:58,-235.0
2022-09-20,12:24:03,-235.0
2022-09-21,12:20:08,-235.0
2022-09-22,12:16:14,-234.0
2022-09-23,12:12:18,-236.0
2022-09-24,12:08:24,-234.0
2022-09-25,12:04:28,-236.0
2022-09-26,12:00:33,-235.0
2022-09-27,11:56:38,-235.0
2022-09-28,11:52:44,-234.0
2022-09-29,11:48:49,-235.0
2022-09-30,11:44:54,-235.0
2022-10-01,11:40:59,-235.0
2022-10-02,11:37:05,-234.0
2022-10-03,11:33:11,-234.0
2022-10-04,11:29:16,-235.0
2022-10-05,11:25:23,-233.0
2022-10-06,11:21:29,-234.0
2022-10-07,11:17:35,-234.0
2022-10-08,11:13:43,-232.0
2022-10-09,11:09:50,-233.0
2022-10-10,11:05:57,-233.0
2022-10-11,11:02:04,-233.0
2022-10-12,10:58:13,-231.0
2022-10-13,10:54:22,-231.0
2022-10-14,10:50:31,-231.0
2022-10-15,10:46:41,-230.0
2022-10-16,10:42:51,-230.0
2022-10-17,10:39:02,-229.0
2022-10-18,10:35:13,-229.0
2022-10-19,10:31:24,-229.0
2022-10-20,10:27:37,-227.0
2022-10-21,10:23:51,-226.0
2022-10-22,10:20:05,-226.0
2022-10-23,10:16:21,-224.0
2022-10-24,10:12:37,-224.0
2022-10-25,10:08:53,-224.0
2022-10-26,10:05:12,-221.0
2022-10-27,10:01:31,-221.0
2022-10-28,09:57:51,-220.0
2022-10-29,09:54:12,-219.0
2022-10-30,09:50:35,-217.0
2022-10-31,09:46:59,-216.0
2022-11-01,09:43:25,-214.0
2022-11-02,09:39:52,-213.0
2022-11-03,09:36:21,-211.0
2022-11-04,09:32:52,-209.0
2022-11-05,09:29:23,-209.0
2022-11-06,09:25:57,-206.0
2022-11-07,09:22:33,-204.0
2022-11-08,09:19:11,-202.0
2022-11-09,09:15:52,-199.0
2022-11-10,09:12:33,-199.0
2022-11-11,09:09:18,-195.0
2022-11-12,09:06:05,-193.0
2022-11-13,09:02:55,-190.0
2022-11-14,08:59:47,-188.0
2022-11-15,08:56:42,-185.0
2022-11-16,08:53:40,-182.0
2022-11-17,08:50:42,-178.0
2022-11-18,08:47:45,-177.0
2022-11-19,08:44:53,-172.0
2022-11-20,08:42:03,-170.0
2022-11-21,08:39:18,-165.0
2022-11-22,08:36:36,-162.0
2022-11-23,08:33:58,-158.0
2022-11-24,08:31:23,-155.0
2022-11-25,08:28:53,-150.0
2022-11-26,08:26:27,-146.0
2022-11-27,08:24:05,-142.0
2022-11-28,08:21:48,-137.0
2022-11-29,08:19:35,-133.0
2022-11-30,08:17:27,-128.0
2022-12-01,08:15:23,-124.0
2022-12-02,08:13:25,-118.0
2022-12-03,08:11:32,-113.0
2022-12-04,08:09:44,-108.0
2022-12-05,08:08:01,-103.0
2022-12-06,08:06:23,-98.0
2022-12-07,08:04:52,-91.0
2022-12-08,08:03:25,-87.0
2022-12-09,08:02:04,-81.0
2022-12-10,08:00:50,-74.0
2022-12-11,07:59:41,-69.0
2022-12-12,07:58:39,-62.0
2022-12-13,07:57:43,-56.0
2022-12-14,07:56:52,-51.0
2022-12-15,07:56:08,-44.0
2022-12-16,07:55:30,-38.0
2022-12-17,07:54:58,-32.0
2022-12-18,07:54:33,-25.0
2022-12-19,07:54:14,-19.0
2022-12-20,07:54:03,-11.0
2022-12-21,07:53:57,-6.0
2022-12-22,07:53:57,0.0
2022-12-23,07:54:04,7.0
2022-12-24,07:54:18,14.0
2022-12-25,07:54:38,20.0
2022-12-26,07:55:05,27.0
2022-12-27,07:55:38,33.0
2022-12-28,07:56:17,39.0
2022-12-29,07:57:03,46.0
2022-12-30,07:57:55,52.0
2022-12-31,07:58:53,58.0
